	site	biome	time	date	sitedepth	daynight	tidenumber	sequence	moonphase	tide	timefromtide	lat	lon	precip	offshoreseastate	weather	temp	salinity	doc	tn	po4	no2no3	silicate	no2	nh4	pro	syn	peuk	hbact	algae	cyan	HC	other	PV	rub	sand	SC	sponge	sealevel	sealevel_m
Control-1	DNAcontrol	NA	NA	NA	NA	NA	NA	NA	NA	NA	NA	NA	NA	NA	NA	NA	NA	NA	NA	NA	NA	NA	NA	NA	NA	NA	NA	NA	NA	NA	NA	NA	NA	NA	NA	NA	NA	NA	NA	NA
Control-2	DNAcontrol	NA	NA	NA	NA	NA	NA	NA	NA	NA	NA	NA	NA	NA	NA	NA	NA	NA	NA	NA	NA	NA	NA	NA	NA	NA	NA	NA	NA	NA	NA	NA	NA	NA	NA	NA	NA	NA	NA	NA
Control-3	DNAcontrol	NA	NA	NA	NA	NA	NA	NA	NA	NA	NA	NA	NA	NA	NA	NA	NA	NA	NA	NA	NA	NA	NA	NA	NA	NA	NA	NA	NA	NA	NA	NA	NA	NA	NA	NA	NA	NA	NA	NA
Mock-E	mock	NA	NA	NA	NA	NA	NA	NA	NA	NA	NA	NA	NA	NA	NA	NA	NA	NA	NA	NA	NA	NA	NA	NA	NA	NA	NA	NA	NA	NA	NA	NA	NA	NA	NA	NA	NA	NA	NA	NA
Mock-S	mock	NA	NA	NA	NA	NA	NA	NA	NA	NA	NA	NA	NA	NA	NA	NA	NA	NA	NA	NA	NA	NA	NA	NA	NA	NA	NA	NA	NA	NA	NA	NA	NA	NA	NA	NA	NA	NA	NA	NA
Negative-H2O	PCRnegative	NA	NA	NA	NA	NA	NA	NA	NA	NA	NA	NA	NA	NA	NA	NA	NA	NA	NA	NA	NA	NA	NA	NA	NA	NA	NA	NA	NA	NA	NA	NA	NA	NA	NA	NA	NA	NA	NA	NA
Positive-33	N Atl seawater	eutrophic	NA	NA	NA	NA	NA	NA	NA	NA	NA	NA	NA	NA	NA	NA	NA	NA	NA	NA	NA	NA	NA	NA	NA	NA	NA	NA	NA	NA	NA	NA	NA	NA	NA	NA	NA	NA	NA	NA
USVItide-10	Yawzi Reef	reef	12:35	2017-07-22	11.4	day	1-Low	1	new	Low	14	18.3145005	-64.7260978	none	1.1	partly cloudy	29	34.86	69.02	6.17	0.166	0.02	2.6	0.03	0.12	152803	6441	1111	920602	0.278333333	0.001666667	0.166666667	0.018333333	0.37	0.055	0.04	0.033333333	0.036666667	-0.12	-0.038
USVItide-108	Yawzi Reef	reef	22:20	2017-07-23	11.4	night	7-High	7	new	High	13	18.3145005	-64.7260978	none	1.1	fair	29.1	34.97	67.82	0	0.199	0.1	2.5	0.04	0.11	140358	91603	2672	890367	0.278333333	0.001666667	0.166666667	0.018333333	0.37	0.055	0.04	0.033333333	0.036666667	1.31	0.4
USVItide-109	Lameshur Seagrass	seagrass	22:04	2017-07-23	4.73	night	7-High	7	new	High	3	18.3177881	-64.7232301	none	1.1	fair	29.2	34.96	75.38	5.26	0.187	0.05	2.7	0.05	0.16	138038	95963	2869	917592	NA	NA	NA	NA	NA	NA	NA	NA	NA	1.32	0.401
USVItide-11	Cocoloba Reef	reef	12:43	2017-07-22	5.2	day	1-Low	1	new	Low	6	18.3154146	-64.7608498	none	1.1	partly cloudy	29.07	35.05	46.82	0	0.182	0.16	1.8	0.04	0.18	84895	11658	1603	556945	0.393333333	0.001666667	0.031666667	0.003333333	0.215	0.01	0.3	0.038333333	0.006666667	-0.11	-0.034
USVItide-110	Cocoloba Reef	reef	22:30	2017-07-23	6.77	night	7-High	7	new	High	23	18.3154146	-64.7608498	none	1.1	fair	29.02	34.98	78.59	1.57	0.182	0.16	2.2	0.06	0.09	84248	47714	2236	651966	0.393333333	0.001666667	0.031666667	0.003333333	0.215	0.01	0.3	0.038333333	0.006666667	1.29	0.392
USVItide-111	Fish Bay Seagrass	seagrass	22:40	2017-07-23	2.1	night	7-High	7	new	High	33	18.3204429	-64.7633988	none	1.1	fair	30.3	35.35	47.93	0	0.185	0.03	2.6	0.05	0.23	24652	75263	2644	1136911	NA	NA	NA	NA	NA	NA	NA	NA	NA	1.31	0.398
USVItide-112	Tektite Reef	reef	22:08	2017-07-23	11.36	night	7-High	7	new	High	1	18.3096396	-64.7222252	none	1.1	fair	28.94	34.94	74.08	11.67	0.171	0.13	2.3	0.05	0.09	104780	49964	2616	708848	0.468333333	0.035	0.275	0.016666667	0.07	0.025	0.063333333	0.036666667	0.01	1.32	0.401
USVItide-113	"Lameshur Mangrove, outlet"	mangrove	21:40	2017-07-23	1.1	night	7-High	7	new	High	27	18.3185583	-64.7242358	none	1.1	fair	29.29	34.76	77.13	6.52	0.222	0.44	2.4	0.08	0.6	72675	58317	3220	724556	NA	NA	NA	NA	NA	NA	NA	NA	NA	1.31	0.398
USVItide-114	"Lameshur Mangrove, inland"	mangrove	21:30	2017-07-23	0.3	night	7-High	7	new	High	37	18.3202416	-64.7247868	none	1.1	fair	29.04	36.34	87.29	0	0.258	0.51	3.8	0.16	1.65	76402	43988	5597	1968750	NA	NA	NA	NA	NA	NA	NA	NA	NA	1.29	0.393
USVItide-115	Ditliff Reef	reef	22:35	2017-07-23	6.64	night	7-High	7	new	High	28	18.3139204	-64.7645268	none	1.1	fair	29.47	34.97	42.76	3.65	0.168	0.27	1.9	0.07	0.09	41091	53156	2250	723544	0.308333333	0	0.125	0.021666667	0.178333333	0.098333333	0.216666667	0.043333333	0.008333333	1.33	0.368
USVItide-116	Fish Bay Mangrove	mangrove	22:45	2017-07-23	0.7	night	7-High	7	new	High	38	18.3206508	-64.7621709	none	1.1	fair	30.43	35.56	99.62	6.7	0.261	0.1	2.2	0.12	0.56	0	42188	2039	1828125	NA	NA	NA	NA	NA	NA	NA	NA	NA	1.31	0.395
USVItide-12	Fish Bay Mangrove	mangrove	13:00	2017-07-22	0.5	day	1-Low	1	new	Low	11	18.3206508	-64.7621709	none	1.1	partly cloudy	31.97	37.11	319.56	16.64	0.387	0.02	6.8	0.1	0.59	0	1575	2391	3937500	NA	NA	NA	NA	NA	NA	NA	NA	NA	-0.14	-0.042
USVItide-125	Cocoloba Reef	reef	6:24	2017-07-24	6.64	day	8-Ebb	8	new	Ebb	6	18.3154146	-64.7608498	none	1.6	partly cloudy	28.87	34.52	40.36	0	0.168	0.22	2.2	0.06	0.1	109645	24947	1730	695855	0.393333333	0.001666667	0.031666667	0.003333333	0.215	0.01	0.3	0.038333333	0.006666667	0.5	0.152
USVItide-126	Yawzi Reef	reef	6:13	2017-07-24	11.52	day	8-Ebb	8	new	Ebb	5	18.3145005	-64.7260978	none	1.6	partly cloudy	28.83	34.89	70.36	4.14	0.196	0.1	2.5	0.01	0.06	167316	35213	1519	856884	0.278333333	0.001666667	0.166666667	0.018333333	0.37	0.055	0.04	0.033333333	0.036666667	0.47	0.143
USVItide-127	Lameshur Seagrass	seagrass	6:00	2017-07-24	4.51	day	8-Ebb	8	new	Ebb	18	18.3177881	-64.7232301	none	1.6	partly cloudy	28.75	35.04	68.5	0	0.184	0.04	2.4	0.05	0.25	177750	64673	3052	986456	NA	NA	NA	NA	NA	NA	NA	NA	NA	0.5	0.152
USVItide-128	Ditliff Reef	reef	6:31	2017-07-24	8.98	day	8-Ebb	8	new	Ebb	13	18.3139204	-64.7645268	none	1.6	partly cloudy	28.91	34.96	56.46	2.13	0.212	0.22	1.9	0.09	0.18	89677	23484	2011	696656	0.308333333	0	0.125	0.021666667	0.178333333	0.098333333	0.216666667	0.043333333	0.008333333	0.5	0.152
USVItide-129	Tektite Reef	reef	6:08	2017-07-24	9.81	day	8-Ebb	8	new	Ebb	10	18.3096396	-64.7222252	none	1.6	partly cloudy	28.85	34.9	71.16	8.32	0.173	-0.01	2.5	0.04	0.02	174206	38644	1814	887147	0.468333333	0.035	0.275	0.016666667	0.07	0.025	0.063333333	0.036666667	0.01	0.51	0.155
USVItide-13	Ditliff Reef	reef	12:48	2017-07-22	6.1	day	1-Low	1	new	Low	1	18.3139204	-64.7645268	none	1.1	partly cloudy	29.02	34.97	48.71	0	0.259	0.1	2.3	0.02	0.14	137855	18042	1898	872747	0.308333333	0	0.125	0.021666667	0.178333333	0.098333333	0.216666667	0.043333333	0.008333333	-0.1	-0.032
USVItide-130	Fish Bay Mangrove	mangrove	6:43	2017-07-24	0.5	day	8-Ebb	8	new	Ebb	25	18.3206508	-64.7621709	none	1.6	partly cloudy	28.19	37.38	170.48	4.34	0.249	0.1	3.5	0.08	0.33	0	53817	2363	1546875	NA	NA	NA	NA	NA	NA	NA	NA	NA	0.48	0.146
USVItide-131	Fish Bay Seagrass	seagrass	6:42	2017-07-24	1.61	day	8-Ebb	8	new	Ebb	24	18.3204429	-64.7633988	none	1.6	partly cloudy	29.64	35.32	69.8	0	0.207	0.04	2.5	0.04	0.13	20250	57150	2067	1133705	NA	NA	NA	NA	NA	NA	NA	NA	NA	0.48	0.146
USVItide-132	"Lameshur Mangrove, outlet"	mangrove	5:40	2017-07-24	0.86	night	8-Ebb	8	new	Ebb	38	18.3185583	-64.7242358	none	1.7	partly cloudy	27.84	36.31	109.13	0	0.261	0.6	3.8	0.1	0.97	76964	38461	2531	1546875	NA	NA	NA	NA	NA	NA	NA	NA	NA	0.5	0.151
USVItide-14	"Lameshur Mangrove, outlet"	mangrove	11:55	2017-07-22	0.65	day	1-Low	1	new	Low	54	18.3185583	-64.7242358	none	1.1	partly cloudy	29.56	35.97	183.9	14.98	0.288	0.71	5.8	0.25	1.5	42244	2630	1673	1968750	NA	NA	NA	NA	NA	NA	NA	NA	NA	-0.07	-0.02
USVItide-15	Fish Bay Seagrass	seagrass	12:53	2017-07-22	1.6	day	1-Low	1	new	Low	4	18.3204429	-64.7633988	none	1.1	partly cloudy	30.31	35.35	69.03	5.42	0.209	-0.01	2.3	0.08	0.18	11433	25158	1772	1311792	NA	NA	NA	NA	NA	NA	NA	NA	NA	-0.11	-0.034
USVItide-16	Tektite Reef	reef	12:30	2017-07-22	9.65	day	1-Low	1	new	Low	19	18.3096396	-64.7222252	none	1.1	partly cloudy	29.04	34.91	74.96	0	0.254	0.51	2.4	0.01	0.15	104344	7298	1322	917620	0.468333333	0.035	0.275	0.016666667	0.07	0.025	0.063333333	0.036666667	0.01	-0.13	-0.04
USVItide-25	Yawzi Reef	reef	17:52	2017-07-22	11.5	day	2-Flood	2	new	Flood	45	18.3145005	-64.7260978	none	0.9	fair	29.44	34.92	70.33	0	0.234	0.28	2.2	0.01	0.32	112022	15356	1266	777783	0.278333333	0.001666667	0.166666667	0.018333333	0.37	0.055	0.04	0.033333333	0.036666667	0.72	0.219
USVItide-26	Lameshur Seagrass	seagrass	17:54	2017-07-22	4.74	day	2-Flood	2	new	Flood	47	18.3177881	-64.7232301	none	0.9	fair	29.45	34.93	64.54	2.1	0.173	0.19	2.6	0.07	0.37	117802	20883	1280	787373	NA	NA	NA	NA	NA	NA	NA	NA	NA	0.72	0.219
USVItide-27	Tektite Reef	reef	17:51	2017-07-22	11.25	day	2-Flood	2	new	Flood	44	18.3096396	-64.7222252	none	0.9	fair	29.31	34.95	51.98	0	0.197	0.18	2.4	0.08	0.26	111164	15750	1153	676266	0.468333333	0.035	0.275	0.016666667	0.07	0.025	0.063333333	0.036666667	0.01	0.69	0.214
USVItide-28	Cocoloba Reef	reef	17:19	2017-07-22	8.9	day	2-Flood	2	new	Flood	12	18.3154146	-64.7608498	none	0.9	fair	29.54	35.01	83.43	6.96	0.174	0.14	1.9	0.05	0.21	65756	23259	1673	779034	0.393333333	0.001666667	0.031666667	0.003333333	0.215	0.01	0.3	0.038333333	0.006666667	0.57	0.173
USVItide-29	Ditliff Reef	reef	17:12	2017-07-22	9.6	day	2-Flood	2	new	Flood	5	18.3139204	-64.7645268	none	0.9	fair	29.45	34.94	95.52	0	0.165	0.25	2.4	0.06	0.43	104484	15652	1716	667983	0.308333333	0	0.125	0.021666667	0.178333333	0.098333333	0.216666667	0.043333333	0.008333333	0.51	0.154
USVItide-30	Fish Bay Mangrove	mangrove	17:02	2017-07-22	0.6	day	2-Flood	2	new	Flood	5	18.3206508	-64.7621709	none	0.9	fair	34.4	36.37	182.43	9.59	0.218	0.01	3	0.03	0.27	0	2939	984	2109375	NA	NA	NA	NA	NA	NA	NA	NA	NA	0.51	0.156
USVItide-31	"Lameshur Mangrove, outlet"	mangrove	18:05	2017-07-22	0.9	day	2-Flood	2	new	Flood	58	18.3185583	-64.7242358	none	0.9	fair	30.68	35.12	118.29	8.72	0.227	0.49	2.4	0.15	0.71	44705	17789	2419	563456	NA	NA	NA	NA	NA	NA	NA	NA	NA	0.76	0.23
USVItide-32	Fish Bay Seagrass	seagrass	17:07	2017-07-22	1.9	day	2-Flood	2	new	Flood	0	18.3204429	-64.7633988	none	0.9	fair	30.89	35.25	100.93	8.79	0.279	0.25	2.3	0.02	0.28	11461	35128	1561	1331339	NA	NA	NA	NA	NA	NA	NA	NA	NA	0.49	0.148
USVItide-42	Lameshur Seagrass	seagrass	20:53	2017-07-22	4.73	night	3-High	3	new	High	32	18.3177881	-64.7232301	drizzle	0.9	cloudy	29.21	35.05	103.23	10.59	0.2	0.04	2.3	0.07	0.23	135352	82378	1997	962845	NA	NA	NA	NA	NA	NA	NA	NA	NA	1.12	0.342
USVItide-43	Cocoloba Reef	reef	21:15	2017-07-22	8.89	night	3-High	3	new	High	10	18.3154146	-64.7608498	drizzle	0.8	cloudy	29.1	35.01	87.81	4.08	0.199	0.15	2.1	0.05	0.17	131386	38953	2236	759375	0.393333333	0.001666667	0.031666667	0.003333333	0.215	0.01	0.3	0.038333333	0.006666667	1.23	0.373
USVItide-44	Yawzi Reef	reef	21:06	2017-07-22	12.2	night	3-High	3	new	High	14	18.3145005	-64.7260978	drizzle	0.8	cloudy	29.13	35.04	53.28	0	0.182	0.64	2.4	0.11	0.26	132666	63295	2630	817031	0.278333333	0.001666667	0.166666667	0.018333333	0.37	0.055	0.04	0.033333333	0.036666667	1.22	0.372
USVItide-45	Tektite Reef	reef	21:01	2017-07-22	11.1	night	3-High	3	new	High	24	18.3096396	-64.7222252	drizzle	0.8	cloudy	28.74	35.07	60.49	0	0.19	0.01	2.2	0.05	0.09	192516	66938	2138	917269	0.468333333	0.035	0.275	0.016666667	0.07	0.025	0.063333333	0.036666667	0.01	1.19	0.362
USVItide-46	"Lameshur Mangrove, inland"	mangrove	20:35	2017-07-22	0.2	night	3-High	3	new	High	50	18.3202416	-64.7247868	drizzle	0.9	cloudy	NA	NA	205.13	15.79	0.513	0.48	6.2	0.18	2.94	0	19406	6441	4500000	NA	NA	NA	NA	NA	NA	NA	NA	NA	1.15	0.349
USVItide-47	"Lameshur Mangrove, outlet"	mangrove	20:40	2017-07-22	1.1	night	3-High	3	new	High	45	18.3185583	-64.7242358	drizzle	0.9	cloudy	29.52	35.06	60.49	0	0.224	0.41	2.4	0.12	0.72	75755	40120	2475	740025	NA	NA	NA	NA	NA	NA	NA	NA	NA	1.21	0.368
USVItide-48	Fish Bay Mangrove	mangrove	21:40	2017-07-22	0.64	night	3-High	3	new	High	15	18.3206508	-64.7621709	drizzle	0.8	cloudy	30.93	35.49	87.56	4.98	0.297	0.07	2.6	0.13	0.66	0	27464	1983	1546875	NA	NA	NA	NA	NA	NA	NA	NA	NA	1.18	0.358
USVItide-49	Fish Bay Seagrass	seagrass	21:30	2017-07-22	2.06	night	3-High	3	new	High	5	18.3204429	-64.7633988	drizzle	0.8	cloudy	30.53	35.35	80.4	0	0.196	0.12	2.6	0.08	0.43	18534	88566	2813	1687500	NA	NA	NA	NA	NA	NA	NA	NA	NA	1.2	0.366
USVItide-50	Ditliff Reef	reef	21:20	2017-07-22	8.4	night	3-High	3	new	High	5	18.3139204	-64.7645268	drizzle	0.8	cloudy	29.67	35.11	59.44	6.91	0.197	0.23	1.7	0.08	0.19	52608	43411	2152	876825	0.308333333	0	0.125	0.021666667	0.178333333	0.098333333	0.216666667	0.043333333	0.008333333	1.21	0.369
USVItide-59	Yawzi Reef	reef	5:26	2017-07-23	10.5	night	4-Ebb	4	new	Ebb	6	18.3145005	-64.7260978	none	1.2	cloudy	28.84	34.98	58.95	0	0.179	0.09	2.4	0.06	0.15	197086	33384	2138	852511	0.278333333	0.001666667	0.166666667	0.018333333	0.37	0.055	0.04	0.033333333	0.036666667	0.41	0.124
USVItide-60	Lameshur Seagrass	seagrass	5:13	2017-07-23	4.2	night	4-Ebb	4	new	Ebb	19	18.3177881	-64.7232301	none	1.2	cloudy	28.74	35.02	67.57	0	0.179	0.09	2.6	0.09	0.21	161438	51033	2363	1003205	NA	NA	NA	NA	NA	NA	NA	NA	NA	0.41	0.126
USVItide-61	Cocoloba Reef	reef	5:36	2017-07-23	6.3	night	4-Ebb	4	new	Ebb	4	18.3154146	-64.7608498	none	1.2	cloudy	29.04	35.04	38.01	0	0.168	0.23	2.3	0.04	0.16	128447	30080	2222	806766	0.393333333	0.001666667	0.031666667	0.003333333	0.215	0.01	0.3	0.038333333	0.006666667	0.45	0.138
USVItide-62	Ditliff Reef	reef	5:41	2017-07-23	5.83	night	4-Ebb	4	new	Ebb	9	18.3139204	-64.7645268	none	1.2	cloudy	28.95	35.02	56.04	4	0.177	0.26	2.2	0.04	0.22	97720	20897	2208	670134	0.308333333	0	0.125	0.021666667	0.178333333	0.098333333	0.216666667	0.043333333	0.008333333	0.47	0.144
USVItide-63	Fish Bay Mangrove	mangrove	5:53	2017-07-23	0.6	night	4-Ebb	4	new	Ebb	21	18.3206508	-64.7621709	none	1.2	cloudy	28.93	36.6	155	6.96	0.307	0.11	4.9	0.12	0.49	0	12713	1898	1828125	NA	NA	NA	NA	NA	NA	NA	NA	NA	0.45	0.136
USVItide-64	Fish Bay Seagrass	seagrass	5:47	2017-07-23	1.85	night	4-Ebb	4	new	Ebb	15	18.3204429	-64.7633988	none	1.2	cloudy	29.82	35.31	83.61	6.46	0.216	0.56	2.5	0.15	0.49	28420	45267	2700	1392216	NA	NA	NA	NA	NA	NA	NA	NA	NA	0.48	0.145
USVItide-65	Tektite Reef	reef	5:21	2017-07-23	11.06	night	4-Ebb	4	new	Ebb	11	18.3096396	-64.7222252	none	1.2	cloudy	28.84	34.91	58.54	0	0.162	0.03	2.6	0.06	0.19	178172	25200	1758	904345	0.468333333	0.035	0.275	0.016666667	0.07	0.025	0.063333333	0.036666667	0.01	0.45	0.013
USVItide-66	"Lameshur Mangrove, outlet"	mangrove	4:54	2017-07-23	0.72	night	4-Ebb	4	new	Ebb	38	18.3185583	-64.7242358	none	1	cloudy	28.37	36.01	175.94	11.93	0.261	0.75	5.8	0.24	1.87	91181	19589	3094	2250000	NA	NA	NA	NA	NA	NA	NA	NA	NA	0.46	0.14
USVItide-75	Yawzi Reef	reef	14:00	2017-07-23	9.24	day	5-Low	5	new	Low	21	18.3145005	-64.7260978	none	1.1	cloudy	29.15	34.8	54.46	5.1	0.171	0.02	2.6	0.06	0.15	78483	8663	1013	792169	0.278333333	0.001666667	0.166666667	0.018333333	0.37	0.055	0.04	0.033333333	0.036666667	0.01	0.003
USVItide-76	Fish Bay Mangrove	mangrove	14:23	2017-07-23	0.5	day	5-Low	5	new	Low	44	18.3206508	-64.7621709	none	1.1	fair	31.76	37.17	315.37	16.3	0.553	0.04	9.1	0.13	1.4	0	1547	6328	3937500	NA	NA	NA	NA	NA	NA	NA	NA	NA	0.01	0.004
USVItide-77	Tektite Reef	reef	13:57	2017-07-23	11.89	day	5-Low	5	new	Low	18	18.3096396	-64.7222252	none	1.2	cloudy	29.59	34.99	64.06	2.42	0.187	0.28	2	0.12	0.21	53958	10758	1898	579333	0.468333333	0.035	0.275	0.016666667	0.07	0.025	0.063333333	0.036666667	0.01	-0.01	0
USVItide-78	Lameshur Seagrass	seagrass	13:48	2017-07-23	3.97	day	5-Low	5	new	Low	9	18.3177881	-64.7232301	none	1.2	cloudy	29.41	35.03	78.84	1.54	0.181	0.09	2.2	0.11	0.24	99183	40205	2109	807384	NA	NA	NA	NA	NA	NA	NA	NA	NA	0.02	0.006
USVItide-79	"Lameshur Mangrove, outlet"	mangrove	13:01	2017-07-23	0.73	day	5-Low	5	new	Low	38	18.3185583	-64.7242358	none	1.2	cloudy	30.35	36.65	228.17	11.74	0.338	0.84	5.4	0.26	1.28	0	5091	4669	2109375	NA	NA	NA	NA	NA	NA	NA	NA	NA	0.08	0.025
USVItide-80	Ditliff Reef	reef	14:14	2017-07-23	8.5	day	5-Low	5	new	Low	35	18.3139204	-64.7645268	none	1.1	cloudy	29.19	34.83	65.19	0	0.167	0.15	2.4	0.08	0.15	89930	20264	2053	787148	0.308333333	0	0.125	0.021666667	0.178333333	0.098333333	0.216666667	0.043333333	0.008333333	0.01	0.004
USVItide-81	Cocoloba Reef	reef	14:09	2017-07-23	7.78	day	5-Low	5	new	Low	30	18.3154146	-64.7608498	none	1.1	cloudy	29.28	35.03	53.01	0	0.179	0.3	2.5	0.07	0.25	57347	25088	1870	745819	0.393333333	0.001666667	0.031666667	0.003333333	0.215	0.01	0.3	0.038333333	0.006666667	-0.01	0
USVItide-82	Fish Bay Seagrass	seagrass	14:20	2017-07-23	1.6	day	5-Low	5	new	Low	41	18.3204429	-64.7633988	none	1.1	cloudy	30.85	35.4	83.07	0	0.195	0.06	3.1	0.07	0.13	7917	36113	2855	1406250	NA	NA	NA	NA	NA	NA	NA	NA	NA	-0.02	-0.005
USVItide-9	Lameshur Seagrass	seagrass	12:22	2017-07-22	2.96	day	1-Low	1	new	Low	27	18.3177881	-64.7232301	none	1.1	partly cloudy	29.11	35.04	96.8	0.59	0.194	0	2.1	0.06	0.23	132272	20363	1336	790734	NA	NA	NA	NA	NA	NA	NA	NA	NA	-0.08	-0.028
USVItide-91	Cocoloba Reef	reef	18:19	2017-07-23	7.54	day	6-Flood	6	new	Flood	26	18.3154146	-64.7608498	drizzle	1.2	cloudy	29.37	35.01	56.3	0	0.162	0.24	2.1	0.07	0.15	43763	32780	1913	610341	0.393333333	0.001666667	0.031666667	0.003333333	0.215	0.01	0.3	0.038333333	0.006666667	0.75	0.229
USVItide-92	Tektite Reef	reef	18:35	2017-07-23	10.11	day	6-Flood	6	new	Flood	42	18.3096396	-64.7222252	drizzle	1.2	cloudy	29.05	34.81	47.57	0	0.169	0	2.6	0.06	0.15	101616	9225	844	785264	0.468333333	0.035	0.275	0.016666667	0.07	0.025	0.063333333	0.036666667	0.01	0.76	0.231
USVItide-93	Yawzi Reef	reef	18:29	2017-07-23	10.39	day	6-Flood	6	new	Flood	36	18.3145005	-64.7260978	drizzle	1.2	cloudy	29.11	34.81	69.84	0	0.157	0.06	2.8	0.07	0.15	111516	13345	928	822023	0.278333333	0.001666667	0.166666667	0.018333333	0.37	0.055	0.04	0.033333333	0.036666667	0.76	0.232
USVItide-94	Lameshur Seagrass	seagrass	18:43	2017-07-23	4.25	day	6-Flood	6	new	Flood	50	18.3177881	-64.7232301	drizzle	1.2	cloudy	29.23	34.94	79.23	0	0.164	0.07	2.6	0.02	0.3	92166	54633	1786	792113	NA	NA	NA	NA	NA	NA	NA	NA	NA	0.79	0.241
USVItide-95	Ditliff Reef	reef	18:14	2017-07-23	7.6	day	6-Flood	6	new	Flood	21	18.3139204	-64.7645268	drizzle	1.2	cloudy	29.43	34.94	64.22	0	0.192	0.42	2.3	0.1	0.18	26241	11306	1181	366483	0.308333333	0	0.125	0.021666667	0.178333333	0.098333333	0.216666667	0.043333333	0.008333333	0.71	0.217
USVItide-96	"Lameshur Mangrove, outlet"	mangrove	18:50	2017-07-23	0.93	day	6-Flood	6	new	Flood	57	18.3185583	-64.7242358	drizzle	1.2	cloudy	29.82	35.1	103.02	6.79	0.31	1.17	2.1	0.09	0.96	0	35325	3038	514547	NA	NA	NA	NA	NA	NA	NA	NA	NA	0.8	0.245
USVItide-97	Fish Bay Mangrove	mangrove	18:00	2017-07-23	0.6	day	6-Flood	6	new	Flood	7	18.3206508	-64.7621709	drizzle	1.2	cloudy	32.6	36.37	186.17	11.18	0.235	0.18	3.3	0.1	0.54	0	2433	998	1546875	NA	NA	NA	NA	NA	NA	NA	NA	NA	0.66	0.202
USVItide-98	Fish Bay Seagrass	seagrass	17:57	2017-07-23	1.87	day	6-Flood	6	new	Flood	4	18.3204429	-64.7633988	drizzle	1.2	cloudy	30.48	35.21	84.05	2.37	0.211	0.18	3	0.09	0.21	0	48755	1392	1132369	NA	NA	NA	NA	NA	NA	NA	NA	NA	0.63	0.198